===========lotto649=========
===========No.00002=========
= Thu Mar 30 17:19:17 2023
=[1]: 11 16 23 30 34 37 03 =
=[2]: 19 25 35 41 42 65 07 =
=[3]: 11 13 24 32 48 52 03 =
=[4]: 08 11 21 42 52 56 01 =
=[5]: 20 25 35 53 56 63 08 =
=[6]: 09 13 15 18 25 47 07 =
=[7]: 02 33 34 43 53 60 01 =
=[8]: 04 13 19 28 29 55 06 =
=[9]: 06 12 15 19 29 42 09 =
=[10]: 28 32 60 61 62 66 07 =
=[11]: 07 08 11 12 48 53 02 =
=[12]: 35 38 47 50 54 65 08 =
=[13]: 09 12 31 49 64 67 04 =
=[14]: 15 18 20 23 34 64 01 =
=[15]: 03 26 60 61 64 66 05 =
=[16]: 02 10 15 23 50 62 05 =
=[17]: 01 15 23 50 57 69 07 =
=[18]: 02 03 10 20 37 40 04 =
=[19]: 14 16 25 35 45 69 01 =
=[20]: 05 13 26 45 54 56 07 =
=[21]: 15 50 54 59 60 65 07 =
===========CGU@CSIE=========